6.323957605064818577e-02
4.182536723379735866e-02
4.826029266161414866e-02
2.687370321152679833e-02
-1.015770032816961793e-01
4.181501985971472490e-02
3.375475511382002719e-02
4.409435241026981450e-02
3.876034669258759946e-02
5.282409571446642499e-02
3.267847817462737892e-02
3.047409723726253808e-02
2.652808144063878437e-02
1.956155034203909543e-02
1.121484788991852360e-01
4.381703328792752039e-02
4.630981093326517334e-02
3.053589621014688588e-02
-1.276160565661528523e-01
2.417370596219859530e-02
2.538267315130587204e-02
5.284348368698196796e-02
4.581342470685523249e-02
3.934591936218449770e-02
3.104192730255824623e-02
2.517856411109376316e-02
4.171631040917297278e-02
4.587191774790303628e-02
5.137366557907811770e-02
4.546342894048556460e-02
3.587474620212278281e-02
3.128585061479716156e-02
2.725227313082593389e-02
2.481815120798221488e-02
5.928583505819464555e-02
3.343534678851168424e-02
4.212738205835455524e-02
