# Slopes for UVW1 filter
3.152407693213877815e-01
1.762272494870268658e-01
1.798300392150420091e-01
1.653081945482482440e-01
1.420102026747330770e-01
1.163269636416164321e-01
1.625572310664716580e-01
1.454435693483766001e-01
1.890346948387469916e-01
1.629717554944593305e-01
1.605248464545614984e-01
1.385101710866812330e-01
3.708273585224639013e-01
1.544150438531532166e-01
2.585712480436139771e-01
1.215404952554460516e-01
1.748507650436062766e-01
6.430641477889673108e-02
1.373897582180279853e-01
1.369564171251656526e-01
-8.735800172729443758e-02
2.408434063437552841e-01
2.209824734634502907e-01
2.408434063437552841e-01
1.453468415013345061e-01
2.077301951347774456e-01
1.397004541984664394e-01
1.297325999921496165e-01
1.859893791255034234e-01
7.572712510247905926e-02
1.028420177122561369e-01
1.684268527872286592e-01
1.836896175149409227e-01
1.522713747272261553e-01
1.728986563900100359e-01
1.960391394023389966e-01
2.800800228635460520e-01
2.006459426726726336e-01
2.073175413678223639e-02
1.536784068466058029e-01
6.627017841970656020e-02
2.706781099687523562e-01
2.268323981580706306e-01
1.531302159519288275e-01
