# Slopes for UVM2 filter
5.897928678201179720e-01
1.665765966239132201e-01
2.760871482754811979e-01
2.455923575334709730e-01
2.155725536572556389e-01
1.632100879969587137e-01
1.600043489291982368e-01
1.925332789309110171e-01
2.653217545381991727e-01
2.496480678313580948e-01
1.803237702355195426e-01
1.765930463496417357e-01
2.985885285739700579e-01
3.710802104145868308e-01
1.568843864559631984e-01
3.551929329484350140e-01
4.745256738743509201e-02
1.920836436957636117e-01
2.674064417273479544e-01
-2.810016294770082551e-02
3.925211690213443183e-01
2.515984493781798226e-01
3.925211690213443183e-01
2.079318941398454190e-01
2.517485147025206871e-01
2.295347239155875185e-01
2.370462490426141211e-01
2.626599611612453478e-01
6.821566398183273594e-02
2.091772851145651813e-01
2.387437072971764773e-01
2.658015003879952709e-01
2.440306816775970888e-01
2.944912963563693920e-01
2.409874129292813305e-01
4.661600675466118227e-01
2.680772696219004825e-01
4.117275912527452175e-01
3.720158441278790251e-01
2.241671221553779292e-01
