# Slopes for V filter
4.986160571368280711e-03
1.477800698251374376e-02
1.684612539115984409e-02
1.012660870836213679e-02
-5.821721702613444904e-01
3.806661657899185203e-02
1.769145531242866110e-02
2.311017610267000408e-02
1.081128502056495633e-02
1.807438303787484851e-02
2.887113848522803589e-02
6.587906371388908486e-03
-1.198495681282614120e-02
7.763043158218527195e-02
1.790733844156813803e-02
1.003324267149861559e-01
1.856648613400505368e-02
-6.859337845253780453e-04
-1.061567598099938114e-01
-3.667719576640847759e-03
7.047659799394579566e-03
-3.667719576640847759e-03
3.464831955649920470e-02
8.554239518701503564e-02
1.040559314692972130e-02
5.658111046579195752e-03
1.966176781691517453e-02
3.238448065121620617e-02
2.697600186846728712e-02
2.758599667748256462e-02
2.771593643811540858e-02
2.182344830323021748e-02
9.183886453767759958e-03
9.629484798123545339e-03
2.963505662559703241e-03
-4.440855874031137025e-03
5.131055714716152832e-04
1.229789382386867018e-02
7.464290418670208038e-03
4.775446692064477111e-02
-2.404063409432358536e-02
1.977230441571511607e-02
4.785506750982748345e-03
5.335452378256125977e-02
3.818786230396521014e-02
1.361683129636036549e-01
