# Slopes for UVW2 filter
4.968959161898590660e-01
1.423749206243353771e-01
2.232132801768219599e-01
2.346663094201620336e-01
1.647999307596246243e-01
2.282534985511899817e-01
2.218943200283121364e-01
1.835198649811437821e-01
2.417794970987277026e-01
1.885074871123545437e-01
2.063174285395261154e-01
1.794736082374128738e-01
2.369726251741083312e-01
2.746982015272310118e-01
1.272643110631122010e-01
2.026726488620039512e-01
4.292942402690230752e-02
1.550521054698702217e-01
2.209903917221626435e-01
-7.176079734214388384e-02
3.674249298133263064e-01
2.416002685543524042e-01
3.674249298133263064e-01
2.350770425999719748e-01
2.370612674598780723e-01
2.077726462216671066e-01
1.575292463815234356e-01
2.263308102741964922e-01
2.055076037797350444e-02
1.743799613972658591e-01
2.326857431424714795e-01
2.320517660693491024e-01
2.021159333698449856e-01
2.660564691281798178e-01
3.153833107190974760e-01
5.045679823249552554e-01
2.436458595468299348e-01
3.132916300469143489e-01
3.363382786918579503e-01
1.558401844206841746e-01
2.038381189100233470e-01
