# Slopes for B filter
5.415639580271233711e-02
4.344315591662200465e-02
5.316125707616783241e-02
2.648136660532776632e-02
-3.883794405486926810e-02
4.644569774106137999e-02
3.292583123449427385e-02
4.231813022594804047e-02
3.450418596525391818e-02
5.295123205426204016e-02
3.223788673439063196e-02
2.570730227971703558e-02
4.166481324971640227e-02
8.457843397282260867e-02
4.315778228821890578e-02
1.113241849924286736e-01
3.992496430824436782e-02
3.089715275844348921e-02
-1.288929490906347564e-01
2.113442583298019706e-02
2.794178629964079799e-02
2.113442583298019706e-02
5.428124780873727628e-02
4.587155963304394291e-02
3.984848073425052706e-02
1.878165604932450355e-02
3.337758862431890183e-02
2.911024718506522585e-02
4.374582116338891769e-02
4.242115971515012657e-02
4.867495943753757243e-02
5.053110040134074776e-02
3.595203472440381548e-02
4.198559097529805384e-02
2.774376125546608798e-02
4.965684295520774588e-02
3.190707512503952736e-02
2.602899789494827684e-02
1.160760628509428620e-02
5.983182406209687498e-02
3.674400140328046294e-02
3.951150499651908538e-02
2.366549931019827288e-02
-5.627673144748096025e-03
8.890509663873975843e-02
1.094299592427884910e-01
