# Slopes for U filter
2.079405172720184825e-01
1.417109760730041190e-01
1.141301425771413802e-01
8.353685395778276401e-02
9.946601047891429070e-02
2.142185645814461206e-02
1.036984524420231230e-01
1.033031287208392435e-01
1.007212040164927741e-01
1.061217330292996419e-01
1.311858141441871461e-01
6.351344849152378014e-02
9.935829465038714670e-02
1.141576098186364158e-01
1.304245322735506640e-01
1.374800905356110825e-01
9.175280431195402542e-02
1.194445811595777757e-01
8.732858383187078188e-02
-1.473201680812842029e-01
1.026070881964511461e-01
1.037717219589567724e-01
1.026070881964511461e-01
1.144195907457730144e-01
8.873347996912173130e-02
8.955487582677906788e-02
8.613433335647403821e-02
7.990669280593316881e-02
4.278539877378505218e-02
8.745417542725540672e-02
1.000508646999174606e-01
1.171770638525408276e-01
9.704616723351136565e-02
1.403161187984315883e-01
1.313313489444674353e-01
1.661188911118134104e-01
2.176019378281104089e-01
9.773741726954865428e-02
1.140407163273534502e-01
4.596204120540334920e-02
1.753062131972782933e-01
1.385006752301111144e-01
1.057033454252416932e-01
8.490315733611729365e-02
