2.180726975155651004e-01
1.448046172917691332e-01
1.216898597249903152e-01
8.538867305117459061e-02
2.209908813495081378e-02
1.044801375196472565e-01
1.055550779518579785e-01
1.025951099812094508e-01
1.114704345421302090e-01
1.383617900789143873e-01
6.352389455240085858e-02
1.357361766376243006e-01
9.778346513774600901e-02
1.155087566291063406e-01
1.479187401674091074e-01
1.406453367622064465e-01
1.241393789539884801e-01
8.763254886211460648e-02
-1.588611237203647886e-01
1.037480037083399476e-01
9.912648596408181467e-02
1.152634030296326301e-01
8.873264326164813365e-02
8.843903609504044638e-02
8.044142135553547512e-02
3.701946751659190155e-02
9.289578110832678870e-02
1.019320758523483555e-01
1.185567236017491394e-01
9.912503089363405850e-02
1.407416490077352533e-01
1.365165675669243739e-01
1.667872258767972293e-01
1.152577421768553323e-01
1.746517334079194239e-01
1.373975184195327104e-01
1.116693756807644600e-01
