6.064434474180715462e-01
1.668387505827932660e-01
2.746981497610845313e-01
2.404935626818745509e-01
1.518425720584532512e-01
1.767367263101721486e-01
1.949102343211006061e-01
2.667156278671248826e-01
2.620071781750196727e-01
1.796394987573862734e-01
1.766751925533979750e-01
nan
2.991706995804904734e-01
3.744626610730871219e-01
1.512697440227059875e-01
3.551929329471491537e-01
2.828833205211386814e-01
2.571453011789669452e-01
-1.657770737594723223e-02
3.842021210088312211e-01
2.323523089740345549e-01
2.058310123754681642e-01
2.499883678442240964e-01
2.244447149620547588e-01
2.585641052913638105e-01
6.560485301534516034e-02
2.202545786827328211e-01
2.394533444605686234e-01
2.875820120934761692e-01
2.446627173205542516e-01
2.802405553638409597e-01
2.590003620191693168e-01
4.661600675461982091e-01
2.727442692003441693e-01
4.223759802826053122e-01
3.756805716744530121e-01
2.406994365592164953e-01
