4.048378245902627959e-01
1.917128710395301361e-01
1.842471837427307468e-01
1.823763770872103007e-01
9.932765505222335145e-02
1.492740885310571697e-01
1.484485950078163197e-01
1.920641317138346016e-01
1.713318348704942762e-01
1.602500595291468100e-01
1.384577985734628536e-01
3.703220333450586987e-01
1.655388748204960347e-01
2.650685075749940611e-01
1.284733362123745004e-01
1.692085915009441666e-01
1.934479410823347623e-01
1.543677020066845096e-01
-8.921048045373201896e-02
2.475849852702258214e-01
2.088542171173223549e-01
1.556249075555416195e-01
2.057903252451355469e-01
1.414274059974695852e-01
1.451533988719837520e-01
1.885713059326734053e-01
6.405978559599408151e-02
1.094249532601444252e-01
1.793678517655453442e-01
1.752555749191323509e-01
1.614815269526234665e-01
1.822520029784668594e-01
2.020500551633647723e-01
2.849769324136660620e-01
1.656400608602498492e-01
2.732915867391534359e-01
2.203198733199256409e-01
1.696730214470918152e-01
