4.474406353575611228e-01
1.361802486971140924e-01
2.184078677998842755e-01
2.281899766954038344e-01
2.263690716629072619e-01
2.109231273534709350e-01
1.884274245144496873e-01
2.579382162018721836e-01
1.975977516781304844e-01
1.997689893582720311e-01
1.794486645951673121e-01
nan
2.351830051375115305e-01
3.168066044097590517e-01
1.114386524363119441e-01
1.985525409482453707e-01
2.241673769589978271e-01
2.328661342985941241e-01
-8.896946475961119150e-02
3.509954165193710507e-01
2.403791047431287631e-01
2.256107167608563946e-01
2.356180098645066778e-01
1.957240050846116852e-01
1.947846886012179479e-01
2.251809677381054475e-01
2.055076037810979125e-02
1.707374846629562404e-01
2.290939247763442710e-01
2.566231864447843791e-01
1.992567348207208988e-01
2.513654169763754886e-01
3.227378135764417122e-01
5.078664887054701316e-01
2.489224120053849798e-01
3.445405208007591980e-01
1.664577501983774688e-01
2.223202228176675010e-01
