1.646957850347252270e-02
1.295566766146676735e-02
1.683190835338416527e-02
1.055697689474060542e-02
-5.821721702619006011e-01
9.464514492034500209e-03
1.757048774777217326e-02
2.546254883648009851e-02
9.901397662797347538e-03
1.905068339845571168e-02
2.857047133770007283e-02
1.587068277618931822e-02
5.952356546698209933e-03
-5.594352376385377211e-03
8.265129425875911151e-02
7.068124208845466376e-03
2.305147149102368051e-02
3.254607261326758700e-04
-1.013344511070395637e-01
-2.312774488089946578e-03
1.267037215293466759e-02
3.232492317252799036e-02
8.013670628806215945e-02
6.994906597796292022e-03
2.175822975026230066e-02
2.851649758766196599e-02
2.645468692930978000e-02
3.307893551156147749e-02
2.747862113883547952e-02
2.174936503798543738e-02
8.376342805977885289e-03
9.810651571821621397e-03
2.927576165320153710e-03
9.981033029738538287e-03
4.268315088081775510e-02
-5.307570894465079431e-03
2.147004061903339325e-02
